0.000000 1.000000 -0.000000 -0.000000 0.000000 0.000000 1.000000 -0.000000 0.000000 0.000000 0.000000 1.000000 0.000000
0.103992 0.999999 0.000490 0.001466 0.752598 -0.000494 0.999996 0.002755 0.011664 -0.001465 -0.002756 0.999995 0.026465
0.207866 0.999997 0.000921 0.002285 1.523192 -0.000933 0.999986 0.005266 0.026485 -0.002280 -0.005268 0.999984 0.045732
0.311727 0.999998 0.001335 0.001629 2.277327 -0.001345 0.999981 0.006094 0.037675 -0.001621 -0.006096 0.999980 0.061912
0.415728 0.999998 0.000936 0.001527 3.002927 -0.000949 0.999964 0.008438 0.038312 -0.001519 -0.008439 0.999963 0.076048
0.519601 0.999998 0.001366 0.001502 3.713892 -0.001378 0.999965 0.008297 0.047151 -0.001491 -0.008299 0.999965 0.091902
0.623604 0.999995 0.002025 0.002270 4.419508 -0.002043 0.999965 0.008151 0.044532 -0.002253 -0.008156 0.999964 0.107977
0.727601 0.999984 0.001988 0.005331 5.101037 -0.002036 0.999957 0.009017 0.055268 -0.005313 -0.009028 0.999945 0.119643
0.831603 0.999952 0.003474 0.009158 5.751119 -0.003549 0.999961 0.008102 0.056665 -0.009130 -0.008135 0.999926 0.129979
0.935478 0.999908 0.004385 0.012802 6.384432 -0.004483 0.999961 0.007608 0.050493 -0.012768 -0.007664 0.999889 0.142847
1.039479 0.999876 0.004844 0.014963 7.003128 -0.004946 0.999965 0.006755 0.055736 -0.014930 -0.006828 0.999865 0.153791
1.143476 0.999868 0.006602 0.014827 7.568039 -0.006699 0.999957 0.006479 0.051496 -0.014783 -0.006577 0.999869 0.162437
1.247351 0.999887 0.007840 0.012785 8.113967 -0.007941 0.999937 0.007908 0.053138 -0.012723 -0.008009 0.999887 0.172133
1.351354 0.999918 0.008266 0.009728 8.649140 -0.008337 0.999939 0.007323 0.056641 -0.009667 -0.007404 0.999926 0.176479
1.455351 0.999922 0.009499 0.008091 9.145457 -0.009546 0.999938 0.005867 0.035126 -0.008035 -0.005944 0.999950 0.179589
1.559353 0.999917 0.011407 0.006045 9.607954 -0.011420 0.999933 0.002063 0.027250 -0.006021 -0.002132 0.999979 0.188959
1.663351 0.999904 0.012997 0.004911 10.043217 -0.012997 0.999916 -0.000029 0.016128 -0.004911 -0.000035 0.999987 0.202057
1.767351 0.999882 0.014977 0.003189 10.461451 -0.014990 0.999878 0.004306 0.013307 -0.003124 -0.004353 0.999985 0.208316
1.871356 0.999841 0.017701 0.002346 10.832483 -0.017719 0.999812 0.007893 0.020831 -0.002206 -0.007933 0.999966 0.215565
1.975354 0.999773 0.021047 0.003131 11.184383 -0.021074 0.999738 0.008966 0.005942 -0.002942 -0.009030 0.999955 0.219455
2.079357 0.999717 0.023461 0.004089 11.509324 -0.023482 0.999711 0.005174 -0.007903 -0.003966 -0.005268 0.999978 0.228518
2.183231 0.999650 0.026189 0.003747 11.794549 -0.026188 0.999657 -0.000211 -0.024085 -0.003751 0.000113 0.999993 0.234432
2.287229 0.999586 0.028324 0.005050 12.045026 -0.028307 0.999593 -0.003357 -0.024770 -0.005143 0.003213 0.999981 0.241569
2.391227 0.999516 0.030519 0.005981 12.285818 -0.030491 0.999523 -0.004839 -0.053501 -0.006126 0.004654 0.999971 0.247460
2.495124 0.999448 0.032826 0.005110 12.485916 -0.032809 0.999456 -0.003385 -0.054924 -0.005218 0.003216 0.999981 0.251752
2.599102 0.999398 0.034462 0.003816 12.672069 -0.034454 0.999404 -0.002277 -0.062068 -0.003892 0.002144 0.999990 0.256824
2.703101 0.999323 0.036665 0.003046 12.842677 -0.036664 0.999328 -0.000388 -0.063784 -0.003058 0.000276 0.999995 0.261295
2.807134 0.999267 0.038212 0.002548 13.008023 -0.038219 0.999266 0.002618 -0.057141 -0.002446 -0.002714 0.999994 0.267731
2.910979 0.999227 0.039296 0.001394 13.154371 -0.039301 0.999222 0.003297 -0.071775 -0.001263 -0.003349 0.999994 0.273530
3.014982 0.999158 0.041025 -0.000538 13.310489 -0.041023 0.999153 0.003297 -0.072977 0.000673 -0.003272 0.999994 0.277896
3.118993 0.999115 0.041994 -0.001948 13.453608 -0.041990 0.999116 0.001943 -0.084144 0.002028 -0.001860 0.999996 0.281245
3.223003 0.999055 0.043355 -0.002874 13.594297 -0.043352 0.999059 0.001075 -0.082364 0.002918 -0.000950 0.999995 0.285056
3.326977 0.999001 0.044470 -0.004358 13.719104 -0.044463 0.999009 0.001630 -0.099173 0.004426 -0.001434 0.999989 0.288191
3.430852 0.998929 0.045827 -0.006369 13.844709 -0.045814 0.998948 0.002235 -0.094054 0.006465 -0.001941 0.999977 0.289789
3.534749 0.998897 0.046209 -0.008417 13.967569 -0.046189 0.998930 0.002569 -0.106959 0.008526 -0.002178 0.999962 0.292643
3.638730 0.998840 0.046941 -0.010768 14.093437 -0.046921 0.998897 0.002082 -0.109768 0.010854 -0.001575 0.999940 0.295838
3.742730 0.998859 0.046012 -0.012817 14.221073 -0.046007 0.998941 0.000669 -0.126370 0.012834 -0.000079 0.999918 0.299485
3.846729 0.998941 0.043812 -0.014050 14.339369 -0.043808 0.999040 0.000568 -0.124791 0.014061 0.000048 0.999901 0.302304
3.950602 0.999055 0.040816 -0.014969 14.457048 -0.040819 0.999166 0.000084 -0.132013 0.014960 0.000527 0.999888 0.303396
4.054603 0.999184 0.037034 -0.016100 14.591646 -0.037019 0.999314 0.001197 -0.127129 0.016133 -0.000600 0.999870 0.307667
4.158380 0.999372 0.031032 -0.017112 14.718495 -0.031006 0.999518 0.001731 -0.133830 0.017157 -0.001199 0.999852 0.310914
4.262355 0.999539 0.024343 -0.018149 14.838368 -0.024328 0.999703 0.001074 -0.126284 0.018170 -0.000632 0.999834 0.313336
4.366232 0.999680 0.016868 -0.018868 14.958642 -0.016845 0.999857 0.001327 -0.132487 0.018887 -0.001008 0.999821 0.315467
4.470105 0.999764 0.008492 -0.019972 15.087604 -0.008473 0.999964 0.001028 -0.130149 0.019980 -0.000858 0.999800 0.315314
4.574104 0.999769 -0.001724 -0.021444 15.231085 0.001726 0.999998 0.000089 -0.126569 0.021444 -0.000126 0.999770 0.319034
4.677976 0.999624 -0.014694 -0.023127 15.380197 0.014663 0.999892 -0.001493 -0.112981 0.023146 0.001154 0.999731 0.321121
4.781730 0.999215 -0.030700 -0.025017 15.530883 0.030645 0.999527 -0.002575 -0.105887 0.025085 0.001806 0.999683 0.327033
4.885477 0.998381 -0.050521 -0.026119 15.703675 0.050486 0.998723 -0.001996 -0.080531 0.026187 0.000674 0.999657 0.331444
4.989228 0.997048 -0.072245 -0.025977 15.887519 0.072229 0.997387 -0.001564 -0.062077 0.026022 -0.000317 0.999661 0.337961
5.092855 0.995058 -0.096155 -0.024764 16.084097 0.096152 0.995366 -0.001336 -0.015502 0.024778 -0.001052 0.999692 0.343688
5.196627 0.992173 -0.122622 -0.023616 16.320861 0.122654 0.992450 -0.000082 0.025827 0.023448 -0.002815 0.999722 0.351163
5.300239 0.987973 -0.153074 -0.021831 16.548505 0.153123 0.988207 0.000596 0.079455 0.021482 -0.003932 0.999762 0.357129
5.403733 0.982345 -0.186122 -0.018924 16.809437 0.186177 0.982516 0.001179 0.145084 0.018373 -0.004681 0.999820 0.365783
5.507500 0.974781 -0.222630 -0.015436 17.066452 0.222684 0.974889 0.001929 0.233373 0.014619 -0.005318 0.999879 0.369627
5.611107 0.964818 -0.262703 -0.010627 17.325805 0.262747 0.964860 0.003030 0.326780 0.009458 -0.005716 0.999939 0.380664
5.714602 0.952696 -0.303830 -0.007640 17.608539 0.303884 0.952683 0.007130 0.460179 0.005112 -0.009114 0.999945 0.380687
5.818230 0.938227 -0.345987 -0.004734 17.903679 0.346019 0.938166 0.010731 0.589894 0.000728 -0.011707 0.999932 0.387017
5.921818 0.921213 -0.389057 -0.000876 18.184941 0.389035 0.921134 0.012790 0.737689 -0.004169 -0.012123 0.999917 0.389311
6.025500 0.901532 -0.432685 0.004838 18.498920 0.432562 0.901457 0.016286 0.916550 -0.011408 -0.012589 0.999856 0.397349
6.129102 0.879309 -0.476164 0.009185 18.785225 0.475921 0.879253 0.020326 1.104024 -0.017755 -0.013501 0.999751 0.399863
6.232877 0.854384 -0.519525 0.011079 19.071492 0.519163 0.854316 0.024757 1.316635 -0.022327 -0.015400 0.999632 0.401873
6.336478 0.826067 -0.563461 0.011209 19.372097 0.563004 0.825963 0.028467 1.554866 -0.025298 -0.017205 0.999532 0.402777
6.440381 0.795387 -0.606032 0.009182 19.641786 0.605533 0.795206 0.031272 1.811844 -0.026254 -0.019313 0.999469 0.390635
6.543978 0.761291 -0.648356 0.008357 19.933700 0.647784 0.761059 0.034129 2.092060 -0.028488 -0.020568 0.999382 0.386836
6.647753 0.724233 -0.689508 0.008079 20.202920 0.688824 0.723955 0.037569 2.398897 -0.031752 -0.021644 0.999261 0.371816
6.751478 0.685506 -0.728006 0.009437 20.464477 0.727253 0.685295 0.038388 2.719893 -0.034414 -0.019452 0.999219 0.359549
6.855255 0.643669 -0.765245 0.009505 20.748965 0.764486 0.643506 0.038234 3.077705 -0.035375 -0.017344 0.999224 0.349640
6.958977 0.600684 -0.799391 0.012308 21.014279 0.798630 0.600682 0.037024 3.452229 -0.036989 -0.012410 0.999239 0.338918
7.062878 0.556254 -0.830867 0.015520 21.252681 0.830082 0.556418 0.036919 3.849890 -0.039310 -0.007653 0.999198 0.332047
7.166664 0.508610 -0.860860 0.015324 21.474585 0.860055 0.508805 0.037726 4.295079 -0.040274 -0.006008 0.999170 0.308760
7.270484 0.459916 -0.887854 0.013938 21.674873 0.887101 0.460105 0.036821 4.745227 -0.039104 -0.004570 0.999224 0.285169
7.374271 0.406760 -0.913404 0.015458 21.880774 0.912692 0.407053 0.036082 5.218866 -0.039250 -0.000568 0.999229 0.270584
7.478107 0.351207 -0.936126 0.017917 22.050891 0.935491 0.351634 0.034785 5.723357 -0.038864 0.004545 0.999235 0.252770
7.581857 0.298489 -0.954250 0.017680 22.202044 0.953655 0.298939 0.034332 6.238407 -0.038046 0.006613 0.999254 0.241938
7.685730 0.244826 -0.969421 0.016835 22.313912 0.968679 0.245308 0.038535 6.814834 -0.041486 0.006873 0.999116 0.205482
7.789732 0.189295 -0.981748 0.018398 22.423589 0.980833 0.189934 0.043492 7.396469 -0.046193 0.009812 0.998885 0.182266
7.893780 0.139710 -0.989960 0.021452 22.503264 0.989020 0.140566 0.045605 7.966023 -0.048163 0.014845 0.998729 0.169409
7.997735 0.091109 -0.995607 0.021618 22.551918 0.994678 0.092030 0.046312 8.621688 -0.048098 0.017284 0.998694 0.149614
8.101860 0.052264 -0.998436 0.019864 22.557129 0.997572 0.053115 0.045056 9.259145 -0.046041 0.017461 0.998787 0.125629
8.206103 0.016544 -0.999769 0.013750 22.559584 0.999020 0.017094 0.040847 9.920478 -0.041073 0.013061 0.999071 0.095634
8.310360 -0.010542 -0.999892 0.010266 22.549446 0.999138 -0.010121 0.040273 10.594301 -0.040164 0.010682 0.999136 0.060783
8.414610 -0.032991 -0.999424 0.007956 22.506168 0.998491 -0.032608 0.044179 11.309045 -0.043895 0.009401 0.998992 0.034218
8.519107 -0.052297 -0.998601 0.007885 22.469910 0.997417 -0.051843 0.049708 12.042203 -0.049229 0.010464 0.998733 0.002492
8.623503 -0.060243 -0.998149 0.008344 22.417152 0.996815 -0.059720 0.052852 12.789670 -0.052256 0.011501 0.998568 -0.026135
8.728004 -0.058335 -0.998266 0.007846 22.365307 0.997058 -0.057870 0.050262 13.574254 -0.049720 0.010755 0.998706 -0.055590
8.832360 -0.057424 -0.998240 0.014819 22.339731 0.997338 -0.056691 0.045849 14.334543 -0.044928 0.017413 0.998838 -0.099035
8.936856 -0.056544 -0.998068 0.025728 22.322516 0.997417 -0.055326 0.045813 15.153136 -0.044301 0.028252 0.998618 -0.118456
9.041230 -0.055600 -0.998054 0.028228 22.291292 0.997486 -0.054280 0.045568 15.952683 -0.043947 0.030690 0.998562 -0.155659
9.145624 -0.045235 -0.998626 0.026434 22.253015 0.998124 -0.044088 0.042471 16.836322 -0.041247 0.028305 0.998748 -0.199186
9.249857 -0.032491 -0.998990 0.031035 22.212347 0.998805 -0.031320 0.037512 17.692215 -0.036503 0.032217 0.998814 -0.217691
9.354110 -0.026938 -0.999256 0.027600 22.213611 0.999293 -0.026195 0.026955 18.562121 -0.026212 0.028306 0.999256 -0.235806
9.458357 -0.021372 -0.999561 0.020549 22.202769 0.999613 -0.020999 0.018212 19.454927 -0.017773 0.020930 0.999623 -0.263849
9.562484 -0.020913 -0.999680 0.014227 22.141908 0.999659 -0.020685 0.015996 20.373498 -0.015696 0.014556 0.999771 -0.278039
9.666611 -0.025717 -0.999658 0.004897 22.105815 0.999454 -0.025610 0.020895 21.311815 -0.020762 0.005431 0.999769 -0.289035
9.770607 -0.033531 -0.999438 0.000385 22.058252 0.999030 -0.033506 0.028555 22.283146 -0.028526 0.001342 0.999592 -0.314229
9.874732 -0.037853 -0.999280 -0.002621 22.028642 0.998539 -0.037926 0.038508 23.283793 -0.038580 -0.001159 0.999255 -0.330929
9.978746 -0.031241 -0.999504 -0.004139 21.975397 0.998350 -0.031404 0.048071 24.316193 -0.048177 -0.002630 0.998835 -0.371756
10.082860 -0.032028 -0.999485 -0.002062 21.957970 0.997916 -0.032093 0.055985 25.308292 -0.056022 -0.000264 0.998429 -0.405454
10.186860 -0.036258 -0.999342 -0.001040 21.921794 0.997639 -0.036257 0.058320 26.347943 -0.058319 0.001077 0.998297 -0.441668
10.290860 -0.036483 -0.999332 -0.002073 21.890264 0.997845 -0.036542 0.054500 27.344882 -0.054539 -0.000080 0.998512 -0.493270
10.394860 -0.035119 -0.999334 -0.009852 21.785837 0.998108 -0.035571 0.050163 28.384319 -0.050480 -0.008072 0.998692 -0.534480
10.498740 -0.042311 -0.999023 -0.012756 21.747085 0.998076 -0.042843 0.044819 29.405921 -0.045322 -0.010836 0.998913 -0.563450
10.602610 -0.047092 -0.998833 -0.010697 21.695582 0.998073 -0.047484 0.039959 30.435029 -0.040420 -0.008794 0.999144 -0.597748
10.706490 -0.055187 -0.998369 -0.014586 21.620371 0.997760 -0.055695 0.037056 31.490129 -0.037808 -0.012508 0.999207 -0.632822
10.810480 -0.058807 -0.998191 -0.012544 21.560335 0.997434 -0.059267 0.040143 32.539741 -0.040814 -0.010151 0.999115 -0.661354
10.914360 -0.069763 -0.997436 -0.015937 21.493385 0.996512 -0.070414 0.044802 33.614348 -0.045809 -0.012756 0.998868 -0.688648
11.018230 -0.075971 -0.996953 -0.017682 21.396821 0.995910 -0.076738 0.047705 34.691764 -0.048917 -0.013986 0.998705 -0.725768
11.122230 -0.080275 -0.996519 -0.022471 21.294005 0.995436 -0.081314 0.049964 35.723310 -0.051618 -0.018358 0.998498 -0.763575
11.226110 -0.083525 -0.996161 -0.026221 21.190030 0.995062 -0.084791 0.051593 36.823896 -0.053618 -0.021782 0.998324 -0.803113
11.330130 -0.085121 -0.995883 -0.031161 21.090707 0.994862 -0.086671 0.052329 37.893316 -0.054814 -0.026546 0.998144 -0.850729
11.434110 -0.089119 -0.995506 -0.032006 21.006571 0.994491 -0.090717 0.052512 38.974449 -0.055180 -0.027150 0.998107 -0.890327
11.538130 -0.088862 -0.995499 -0.032921 20.898654 0.994553 -0.090489 0.051727 40.092452 -0.054474 -0.028145 0.998118 -0.933318
11.642000 -0.090597 -0.995282 -0.034731 20.786811 0.994417 -0.092303 0.051132 41.131008 -0.054097 -0.029905 0.998088 -0.973246
11.746010 -0.091461 -0.995182 -0.035300 20.671254 0.994365 -0.093179 0.050552 42.233389 -0.053598 -0.030477 0.998097 -1.018110
11.849860 -0.092754 -0.994870 -0.040391 20.556710 0.994346 -0.094659 0.048121 43.326781 -0.051698 -0.035700 0.998024 -1.059408
11.953860 -0.091391 -0.994782 -0.045327 20.431340 0.994693 -0.093355 0.043271 44.382880 -0.047277 -0.041132 0.998035 -1.099115
12.057860 -0.093441 -0.994422 -0.048930 20.319812 0.994517 -0.095543 0.042523 45.510657 -0.046961 -0.044689 0.997897 -1.141434
12.161860 -0.092266 -0.994538 -0.048789 20.209974 0.994453 -0.094521 0.046127 46.564311 -0.050487 -0.044262 0.997743 -1.179619
12.265860 -0.086775 -0.995116 -0.047055 20.087760 0.994790 -0.089091 0.049567 47.718510 -0.053517 -0.042508 0.997662 -1.223546
12.369860 -0.084315 -0.995356 -0.046453 19.983625 0.994993 -0.086611 0.049873 48.827628 -0.053665 -0.042016 0.997675 -1.263444
12.473860 -0.082886 -0.995473 -0.046521 19.888023 0.995156 -0.085155 0.049136 49.918293 -0.052875 -0.042223 0.997708 -1.307780
12.577880 -0.079660 -0.995613 -0.049087 19.785159 0.995382 -0.082095 0.049765 51.019653 -0.053576 -0.044896 0.997554 -1.350696
12.681880 -0.074168 -0.995721 -0.055130 19.683024 0.995760 -0.076961 0.050393 52.158394 -0.054420 -0.051159 0.997206 -1.396626
12.785860 -0.070920 -0.995847 -0.057089 19.588425 0.995993 -0.073824 0.050469 53.281010 -0.054474 -0.053281 0.997093 -1.441565
12.889860 -0.066246 -0.996020 -0.059628 19.501457 0.996396 -0.069207 0.049054 54.375146 -0.052985 -0.056164 0.997014 -1.486840
12.993730 -0.060933 -0.996426 -0.058494 19.408689 0.996790 -0.063796 0.048386 55.535037 -0.051945 -0.055358 0.997115 -1.529197
13.097750 -0.051401 -0.997103 -0.056073 19.322431 0.997346 -0.054150 0.048664 56.649545 -0.051559 -0.053423 0.997240 -1.570764
13.201610 -0.044917 -0.997459 -0.055293 19.264574 0.997628 -0.047677 0.049642 57.781562 -0.052152 -0.052932 0.997235 -1.615831
13.305610 -0.038257 -0.997864 -0.052946 19.197485 0.997858 -0.040964 0.051005 58.948890 -0.053065 -0.050882 0.997294 -1.653914
13.409480 -0.033709 -0.997975 -0.053944 19.160996 0.997980 -0.036519 0.051978 60.072047 -0.053843 -0.052083 0.997190 -1.703451
13.513360 -0.030336 -0.998162 -0.052473 19.110166 0.998110 -0.033058 0.051809 61.211976 -0.053448 -0.050802 0.997278 -1.745511
13.617240 -0.028162 -0.998198 -0.052993 19.074216 0.998393 -0.030697 0.047643 62.372530 -0.049184 -0.051566 0.997457 -1.790060
13.721240 -0.023480 -0.998366 -0.052106 19.039550 0.998774 -0.025698 0.042325 63.504090 -0.043595 -0.051048 0.997744 -1.824801
13.825130 -0.023085 -0.998290 -0.053692 19.009411 0.998807 -0.025344 0.041762 64.643235 -0.043052 -0.052664 0.997683 -1.862690
13.928860 -0.017445 -0.998542 -0.051082 18.976453 0.998845 -0.019693 0.043838 65.793512 -0.044780 -0.050258 0.997732 -1.900387
14.032740 -0.011377 -0.998650 -0.050685 18.952656 0.998929 -0.013624 0.044203 66.959577 -0.044834 -0.050127 0.997736 -1.932310
14.136490 -0.008625 -0.998553 -0.053084 18.932355 0.998976 -0.010963 0.043912 68.166476 -0.044431 -0.052651 0.997624 -1.975655
14.240240 -0.005590 -0.998560 -0.053351 18.915500 0.998947 -0.008007 0.045184 69.324730 -0.045546 -0.053042 0.997553 -2.008254
14.343990 -0.007427 -0.998511 -0.054038 18.898982 0.998943 -0.009861 0.044909 70.513553 -0.045375 -0.053647 0.997529 -2.042975
14.447760 -0.005847 -0.998447 -0.055405 18.893427 0.999006 -0.008282 0.043812 71.682697 -0.044203 -0.055094 0.997502 -2.079650
14.551490 -0.004848 -0.998579 -0.053063 18.863646 0.999076 -0.007103 0.042384 72.848850 -0.042701 -0.052808 0.997691 -2.115375
14.655240 -0.005305 -0.998766 -0.049394 18.845817 0.999091 -0.007383 0.041973 74.040847 -0.042286 -0.049127 0.997897 -2.147835
14.758990 -0.005497 -0.998867 -0.047278 18.830668 0.999059 -0.007520 0.042719 75.220631 -0.043027 -0.046998 0.997968 -2.178636
14.862740 -0.005264 -0.998867 -0.047310 18.820912 0.998954 -0.007401 0.045118 76.406775 -0.045417 -0.047023 0.997861 -2.211217
14.966480 -0.009195 -0.998777 -0.048584 18.793329 0.998780 -0.011531 0.048011 77.601441 -0.048512 -0.048083 0.997664 -2.249383
15.070240 -0.009016 -0.998653 -0.051106 18.776377 0.998739 -0.011517 0.048851 78.790397 -0.049374 -0.050601 0.997498 -2.287321
15.174010 -0.011656 -0.998539 -0.052766 18.757006 0.998802 -0.014134 0.046834 79.959682 -0.047511 -0.052157 0.997508 -2.324514
15.277740 -0.011324 -0.998526 -0.053070 18.732642 0.998925 -0.013683 0.044299 81.123022 -0.044960 -0.052511 0.997608 -2.360895
15.381490 -0.007494 -0.998680 -0.050828 18.700762 0.998984 -0.009736 0.044003 82.305250 -0.044439 -0.050447 0.997738 -2.392622
15.485240 -0.010043 -0.998731 -0.049356 18.694932 0.998902 -0.012279 0.045217 83.484782 -0.045766 -0.048847 0.997757 -2.426012
15.588990 -0.012734 -0.998726 -0.048819 18.667476 0.998742 -0.015072 0.047818 84.663085 -0.048493 -0.048149 0.997662 -2.459138
15.692760 -0.009190 -0.998772 -0.048678 18.648589 0.998654 -0.011652 0.050538 85.851432 -0.051043 -0.048148 0.997535 -2.498328
15.796490 -0.009942 -0.998722 -0.049562 18.641010 0.998630 -0.012462 0.050815 87.025159 -0.051367 -0.048989 0.997478 -2.541580
15.900370 -0.009048 -0.998726 -0.049639 18.607754 0.998737 -0.011480 0.048929 88.172663 -0.049436 -0.049134 0.997568 -2.576655
16.004120 -0.008393 -0.998810 -0.048044 18.583367 0.998798 -0.010695 0.047851 89.315863 -0.048308 -0.047584 0.997698 -2.615983
16.107990 -0.005707 -0.998884 -0.046871 18.573975 0.998767 -0.008005 0.048991 90.503811 -0.049311 -0.046533 0.997698 -2.650796
16.211750 -0.004370 -0.999060 -0.043118 18.560174 0.998641 -0.006599 0.051694 91.636277 -0.051930 -0.042833 0.997732 -2.693379
16.315610 -0.005176 -0.999095 -0.042224 18.555241 0.998528 -0.007443 0.053716 92.783910 -0.053981 -0.041884 0.997663 -2.729635
16.419500 -0.002916 -0.999089 -0.042579 18.532311 0.998445 -0.005279 0.055493 93.972529 -0.055668 -0.042351 0.997551 -2.774543
16.523240 -0.001515 -0.999005 -0.044586 18.513020 0.998366 -0.004059 0.057017 95.161847 -0.057141 -0.044427 0.997378 -2.823241
16.627120 -0.001798 -0.998916 -0.046528 18.509929 0.998408 -0.004417 0.056233 96.295269 -0.056378 -0.046352 0.997333 -2.867394
16.730870 0.000606 -0.998728 -0.050414 18.489141 0.998585 -0.002077 0.053139 97.435174 -0.053176 -0.050375 0.997313 -2.907166
16.834740 0.000759 -0.998653 -0.051886 18.477375 0.998700 -0.001888 0.050939 98.588386 -0.050969 -0.051858 0.997353 -2.952087
16.938510 -0.000957 -0.998663 -0.051676 18.463195 0.998743 -0.003543 0.049992 99.744775 -0.050109 -0.051563 0.997412 -2.991672
17.042360 -0.005139 -0.998715 -0.050407 18.460411 0.998739 -0.007643 0.049620 100.896089 -0.049942 -0.050088 0.997496 -3.030698
17.146160 -0.005132 -0.998721 -0.050304 18.429788 0.998621 -0.007747 0.051931 102.037756 -0.052254 -0.049968 0.997383 -3.074418
17.249990 -0.004284 -0.998812 -0.048557 18.405437 0.998494 -0.006928 0.054424 103.171378 -0.054696 -0.048251 0.997337 -3.111388
17.353750 -0.004772 -0.998600 -0.052676 18.396281 0.998554 -0.007580 0.053231 104.338713 -0.053556 -0.052346 0.997192 -3.160503
17.457660 -0.007030 -0.998393 -0.056228 18.383129 0.998495 -0.010068 0.053922 105.497245 -0.054402 -0.055765 0.996961 -3.210811
17.561490 -0.009168 -0.998227 -0.058819 18.355946 0.998498 -0.012316 0.053388 106.673686 -0.054018 -0.058241 0.996840 -3.260990
17.665390 -0.012448 -0.998156 -0.059425 18.337448 0.998650 -0.015408 0.049604 107.854757 -0.050428 -0.058727 0.997000 -3.305181
17.769110 -0.014014 -0.997964 -0.062219 18.307040 0.998855 -0.016820 0.044810 109.038735 -0.045765 -0.061520 0.997057 -3.346291
17.873090 -0.015471 -0.998230 -0.057424 18.275879 0.998882 -0.017995 0.043713 110.191093 -0.044669 -0.056683 0.997393 -3.391014
17.976860 -0.019692 -0.998447 -0.052108 18.266452 0.998811 -0.021971 0.043533 111.410439 -0.044611 -0.051189 0.997692 -3.427365
18.080740 -0.022346 -0.998355 -0.052797 18.232116 0.998698 -0.024713 0.044614 112.619964 -0.045845 -0.051731 0.997608 -3.465819
18.184490 -0.022842 -0.998441 -0.050939 18.182866 0.998484 -0.025336 0.048867 113.867868 -0.050082 -0.049745 0.997506 -3.511620
18.288360 -0.025881 -0.998461 -0.049066 18.159694 0.998372 -0.028311 0.049508 115.063378 -0.050821 -0.047704 0.997567 -3.555299
18.392110 -0.029522 -0.998292 -0.050416 18.125409 0.998483 -0.031797 0.044940 116.261409 -0.046466 -0.049012 0.997717 -3.596939
18.495870 -0.030436 -0.998255 -0.050619 18.069860 0.998615 -0.032543 0.041345 117.512604 -0.042920 -0.049291 0.997862 -3.643826
18.599610 -0.030664 -0.998298 -0.049597 18.017475 0.998690 -0.032634 0.039420 118.732870 -0.040971 -0.048323 0.997991 -3.681496
18.703510 -0.030488 -0.998212 -0.051408 17.974528 0.998638 -0.032599 0.040744 119.993389 -0.042347 -0.050096 0.997846 -3.715803
18.807240 -0.028887 -0.998026 -0.055758 17.909874 0.998485 -0.031423 0.045166 121.260286 -0.046829 -0.054369 0.997423 -3.757141
18.910990 -0.031262 -0.997612 -0.061583 17.858313 0.998207 -0.034309 0.049052 122.521156 -0.051047 -0.059939 0.996896 -3.800407
19.014760 -0.039608 -0.996878 -0.068294 17.802857 0.997909 -0.042958 0.048302 123.787704 -0.051085 -0.066238 0.996495 -3.849806
19.118620 -0.042079 -0.996492 -0.072346 17.731240 0.997919 -0.045459 0.045718 125.033022 -0.048846 -0.070271 0.996331 -3.894350
19.222390 -0.043499 -0.996278 -0.074418 17.650734 0.997934 -0.046854 0.043953 126.281412 -0.047276 -0.072352 0.996258 -3.937475
19.326140 -0.046181 -0.996201 -0.073837 17.588581 0.997833 -0.049472 0.043376 127.532859 -0.046864 -0.071674 0.996326 -3.976090
19.429870 -0.045126 -0.996356 -0.072372 17.518767 0.997929 -0.048285 0.042502 128.776204 -0.045842 -0.070305 0.996472 -4.009482
19.533490 -0.042445 -0.996432 -0.072952 17.460962 0.998017 -0.045683 0.043307 130.044713 -0.046485 -0.070970 0.996395 -4.048667
19.637240 -0.036035 -0.996677 -0.073057 17.394021 0.998057 -0.039611 0.048104 131.313605 -0.050838 -0.071182 0.996167 -4.090722
19.740990 -0.018497 -0.997336 -0.070565 17.357537 0.998349 -0.022262 0.052953 132.508397 -0.054383 -0.069469 0.996101 -4.132102
19.844740 -0.010813 -0.997360 -0.071802 17.324570 0.998533 -0.014580 0.052149 133.772774 -0.053059 -0.071133 0.996054 -4.177669
19.948610 -0.014646 -0.997263 -0.072468 17.317101 0.998592 -0.018284 0.049798 134.994994 -0.050987 -0.071637 0.996127 -4.225301
20.052370 -0.027948 -0.997083 -0.071030 17.298454 0.998349 -0.031408 0.048076 136.196289 -0.050167 -0.069569 0.996315 -4.265718
20.156120 -0.032550 -0.996898 -0.071651 17.258864 0.998243 -0.035978 0.047079 137.466683 -0.049511 -0.069993 0.996318 -4.307725
20.259990 -0.030361 -0.997000 -0.071201 17.199400 0.998240 -0.033875 0.048684 138.676276 -0.050950 -0.069597 0.996273 -4.345809
20.363770 -0.024726 -0.997120 -0.071694 17.144781 0.998216 -0.028524 0.052439 139.952109 -0.054333 -0.070270 0.996048 -4.391342
20.467490 -0.022998 -0.997056 -0.073138 17.113773 0.998193 -0.026962 0.053688 141.205671 -0.055502 -0.071772 0.995875 -4.434886
20.571360 -0.020554 -0.996936 -0.075468 17.070956 0.998396 -0.024449 0.051064 142.418927 -0.052752 -0.074298 0.995840 -4.484518
20.675130 -0.014335 -0.997112 -0.074588 17.034791 0.998683 -0.017953 0.048064 143.662115 -0.049264 -0.073800 0.996056 -4.532081
20.778890 -0.000178 -0.997420 -0.071790 17.004669 0.998883 -0.003571 0.047134 144.892423 -0.047269 -0.071701 0.996306 -4.568307
20.882620 0.005189 -0.997529 -0.070064 17.005651 0.998912 0.001923 0.046600 146.095721 -0.046351 -0.070230 0.996453 -4.604135
20.986240 0.000946 -0.997697 -0.067821 17.005534 0.998934 -0.002187 0.046104 147.341010 -0.046147 -0.067792 0.996632 -4.642551
21.089990 0.001713 -0.997879 -0.065075 16.993290 0.998978 -0.001232 0.045185 148.557232 -0.045169 -0.065085 0.996857 -4.672256
21.193740 0.005084 -0.997953 -0.063744 16.985448 0.998963 0.002185 0.045468 149.788627 -0.045236 -0.063909 0.996930 -4.709306
21.297510 0.004997 -0.998064 -0.061995 16.986432 0.998891 0.002078 0.047056 151.048122 -0.046836 -0.062161 0.996967 -4.747369
21.401240 0.009920 -0.998237 -0.058513 16.983291 0.998767 0.007045 0.049149 152.260699 -0.048650 -0.058928 0.997076 -4.785139
21.504990 0.013881 -0.998249 -0.057500 16.988290 0.998792 0.011132 0.047860 153.523939 -0.047137 -0.058095 0.997198 -4.822241
21.608750 0.013969 -0.998228 -0.057833 17.011354 0.998809 0.011225 0.047490 154.728221 -0.046757 -0.058428 0.997196 -4.861854
21.712490 0.017743 -0.998099 -0.059030 17.025338 0.998525 0.014659 0.052276 155.927995 -0.051311 -0.059871 0.996887 -4.896250
21.816370 0.020478 -0.997942 -0.060772 17.030037 0.998140 0.016916 0.058566 157.184044 -0.057418 -0.061858 0.996432 -4.944339
21.920120 0.024107 -0.997474 -0.066821 17.037545 0.998051 0.020166 0.059048 158.391530 -0.057551 -0.068114 0.996016 -4.991626
22.023870 0.024337 -0.997258 -0.069884 17.054271 0.998262 0.020489 0.055262 159.645597 -0.053679 -0.071107 0.996023 -5.044014
22.127740 0.028249 -0.996841 -0.074219 17.068764 0.998404 0.024505 0.050885 160.858581 -0.048905 -0.075538 0.995943 -5.086900
22.231490 0.028125 -0.996765 -0.075292 17.102147 0.998569 0.024588 0.047499 162.025602 -0.045494 -0.076520 0.996030 -5.132066
22.335250 0.027043 -0.997161 -0.070279 17.127498 0.998726 0.023956 0.044403 163.248551 -0.042593 -0.071390 0.996539 -5.163172
22.439020 0.030243 -0.997271 -0.067357 17.159923 0.998832 0.027612 0.039658 164.459421 -0.037689 -0.068478 0.996940 -5.197878
22.542870 0.029685 -0.997665 -0.061508 17.192920 0.998946 0.027457 0.036764 165.675299 -0.034989 -0.062535 0.997430 -5.218011
22.646620 0.032479 -0.997717 -0.059198 17.211190 0.998775 0.030186 0.039218 166.898787 -0.037341 -0.060399 0.997475 -5.245229
22.750370 0.029987 -0.997895 -0.057506 17.250239 0.998623 0.027431 0.044737 168.116470 -0.043066 -0.058769 0.997342 -5.275350
22.854240 0.034312 -0.997735 -0.057846 17.262591 0.998379 0.031588 0.047356 169.356055 -0.045421 -0.059377 0.997202 -5.308190
22.957990 0.040369 -0.997293 -0.061458 17.289145 0.998254 0.037601 0.045545 170.546229 -0.043111 -0.063189 0.997070 -5.340474
23.061870 0.043439 -0.997093 -0.062603 17.328351 0.998159 0.040659 0.045010 171.732482 -0.042334 -0.064443 0.997023 -5.375794
23.165620 0.043795 -0.997208 -0.060480 17.367527 0.998124 0.041081 0.045403 172.980768 -0.042792 -0.062355 0.997136 -5.409478
23.269370 0.046334 -0.997087 -0.060579 17.407251 0.998085 0.043722 0.043760 174.177863 -0.040984 -0.062491 0.997203 -5.438471
23.373250 0.052428 -0.996684 -0.062234 17.443693 0.997837 0.049810 0.042896 175.324091 -0.039654 -0.064348 0.997140 -5.465521
23.477120 0.053063 -0.996671 -0.061889 17.487874 0.997755 0.050382 0.044112 176.496356 -0.040847 -0.064091 0.997108 -5.488276
23.580990 0.055308 -0.996515 -0.062443 17.526028 0.997569 0.052495 0.045831 177.589685 -0.042394 -0.064826 0.996995 -5.507863
23.684740 0.054335 -0.996544 -0.062836 17.580621 0.997548 0.051394 0.047504 178.703893 -0.044110 -0.065263 0.996893 -5.525063
23.788620 0.052385 -0.996602 -0.063570 17.627710 0.997599 0.049337 0.048601 179.780084 -0.045299 -0.065964 0.996793 -5.547685
23.892370 0.053153 -0.996663 -0.061955 17.661354 0.997522 0.050130 0.049367 180.775290 -0.046097 -0.064425 0.996857 -5.565754
23.996270 0.051251 -0.996656 -0.063638 17.710275 0.997649 0.048190 0.048733 181.802311 -0.045504 -0.065986 0.996783 -5.587780
24.100000 0.054050 -0.996474 -0.064162 17.742323 0.997506 0.050961 0.048846 182.765500 -0.045404 -0.066642 0.996744 -5.606200
24.203870 0.053857 -0.996442 -0.064830 17.784320 0.997525 0.050749 0.048663 183.727625 -0.045200 -0.067290 0.996709 -5.630130
24.307750 0.051647 -0.996665 -0.063170 17.832060 0.997693 0.048703 0.047297 184.668551 -0.044062 -0.065467 0.996882 -5.649184
24.411490 0.049741 -0.996844 -0.061869 17.872987 0.997917 0.047056 0.044129 185.604307 -0.041078 -0.063935 0.997108 -5.665089
24.515240 0.044546 -0.997118 -0.061413 17.890915 0.998282 0.042088 0.040765 186.533051 -0.038063 -0.063123 0.997280 -5.683853
24.619020 0.038273 -0.997186 -0.064466 17.912492 0.998634 0.035872 0.037996 187.439841 -0.035577 -0.065832 0.997196 -5.703635
24.722870 0.035109 -0.997162 -0.066591 17.925204 0.998774 0.032684 0.037165 188.345872 -0.034883 -0.067814 0.997088 -5.722176
24.826620 0.034810 -0.997026 -0.068750 17.951023 0.998773 0.032282 0.037548 189.293044 -0.035217 -0.069973 0.996927 -5.741950
24.930500 0.030597 -0.997234 -0.067742 17.976781 0.998839 0.027983 0.039215 190.172248 -0.037211 -0.068864 0.996932 -5.758179
25.034370 0.026723 -0.997559 -0.064513 17.992402 0.998881 0.024127 0.040681 191.104452 -0.039025 -0.065528 0.997087 -5.772543
25.138140 0.026512 -0.997654 -0.063118 18.015880 0.998885 0.023972 0.040671 192.007596 -0.039062 -0.064126 0.997177 -5.792297
25.241990 0.023561 -0.997733 -0.063036 18.037473 0.998989 0.021082 0.039716 192.889578 -0.038297 -0.063908 0.997220 -5.806309
25.345870 0.025885 -0.997521 -0.065442 18.039668 0.998983 0.023395 0.038543 193.828707 -0.036916 -0.066374 0.997111 -5.829059
25.449750 0.031511 -0.997165 -0.068330 18.054441 0.998868 0.028979 0.037732 194.714877 -0.035645 -0.069441 0.996949 -5.850315
25.553620 0.035033 -0.996862 -0.070982 18.081374 0.998816 0.032527 0.036160 195.606900 -0.033738 -0.072165 0.996822 -5.867085
25.657500 0.036975 -0.996762 -0.071401 18.090112 0.998820 0.034611 0.034075 196.507901 -0.031493 -0.072577 0.996866 -5.884798
25.761490 0.041560 -0.996591 -0.071275 18.126630 0.998732 0.039408 0.031346 197.413831 -0.028430 -0.072488 0.996964 -5.901204
25.865370 0.039367 -0.996686 -0.071172 18.154244 0.998825 0.037235 0.031029 198.343878 -0.028276 -0.072310 0.996982 -5.917469
25.969250 0.028756 -0.997232 -0.068564 18.187756 0.999099 0.026534 0.033110 199.278003 -0.031199 -0.069455 0.997097 -5.933144
26.073140 0.024279 -0.997488 -0.066543 18.190184 0.999168 0.022030 0.034327 200.214212 -0.032775 -0.067321 0.997193 -5.948999
26.177120 0.021941 -0.997824 -0.062179 18.222941 0.999331 0.020069 0.030576 201.169936 -0.029261 -0.062808 0.997597 -5.962207
26.281000 0.019386 -0.997877 -0.062169 18.244459 0.999472 0.017719 0.027248 202.089738 -0.026089 -0.062664 0.997694 -5.978043
26.384870 0.020256 -0.997634 -0.065699 18.257117 0.999434 0.018440 0.028138 203.054989 -0.026860 -0.066232 0.997443 -5.997647
26.488870 0.010076 -0.997808 -0.065404 18.287773 0.999496 0.008079 0.030729 204.040272 -0.030134 -0.065680 0.997385 -6.018212
26.592750 0.015185 -0.997863 -0.063543 18.282255 0.999433 0.013236 0.030984 204.990463 -0.030077 -0.063978 0.997498 -6.028949
26.696750 0.017092 -0.997831 -0.063578 18.303143 0.999362 0.015054 0.032397 205.971775 -0.031370 -0.064092 0.997451 -6.050913
26.800630 0.018722 -0.997865 -0.062575 18.306280 0.999194 0.016452 0.036606 206.947375 -0.035498 -0.063210 0.997369 -6.073500
26.904610 0.020324 -0.998003 -0.059803 18.328927 0.999004 0.017894 0.040894 207.954943 -0.039742 -0.060574 0.997372 -6.094652
27.008490 0.021961 -0.997989 -0.059447 18.337602 0.998935 0.019491 0.041822 208.970232 -0.040579 -0.060302 0.997355 -6.115720
27.112500 0.023883 -0.997794 -0.061946 18.350799 0.998869 0.021267 0.042540 209.922564 -0.041129 -0.062892 0.997172 -6.145488
27.216490 0.027052 -0.997604 -0.063668 18.358096 0.998740 0.024279 0.043932 210.982031 -0.042281 -0.064776 0.997004 -6.180383
27.320600 0.030808 -0.997447 -0.064422 18.391528 0.998605 0.027950 0.044812 211.986344 -0.042897 -0.065713 0.996916 -6.206859
27.424600 0.032925 -0.997177 -0.067483 18.415355 0.998649 0.030107 0.042350 213.021399 -0.040198 -0.068786 0.996821 -6.239678
27.528600 0.035550 -0.996999 -0.068762 18.449404 0.998672 0.032874 0.039670 214.072393 -0.037290 -0.070081 0.996844 -6.268037
27.632500 0.038164 -0.997005 -0.067272 18.468197 0.998625 0.035631 0.038459 215.069512 -0.035947 -0.068647 0.996994 -6.291335
27.736480 0.038790 -0.996965 -0.067494 18.503796 0.998517 0.036092 0.040742 216.120908 -0.038183 -0.068974 0.996887 -6.317459
27.840470 0.041245 -0.996857 -0.067630 18.531457 0.998300 0.038325 0.043922 217.172473 -0.041192 -0.069327 0.996743 -6.348670
27.944280 0.042510 -0.996821 -0.067392 18.553959 0.998259 0.039616 0.043707 218.272696 -0.040898 -0.069132 0.996768 -6.376696
28.048120 0.042831 -0.996876 -0.066350 18.599754 0.998347 0.040157 0.041122 219.331661 -0.038329 -0.068001 0.996949 -6.406804
28.152000 0.043450 -0.996937 -0.065016 18.629977 0.998426 0.041019 0.038267 220.377601 -0.035483 -0.066577 0.997151 -6.432475
28.255750 0.042708 -0.997213 -0.061175 18.678071 0.998496 0.040495 0.036961 221.495626 -0.034381 -0.062662 0.997443 -6.457758
28.359620 0.043844 -0.997110 -0.062043 18.705562 0.998479 0.041656 0.036129 222.554779 -0.033440 -0.063533 0.997419 -6.485482
28.463500 0.043646 -0.997129 -0.061875 18.746440 0.998478 0.041448 0.036377 223.674913 -0.033708 -0.063368 0.997421 -6.504488
28.567240 0.043920 -0.996992 -0.063852 18.776827 0.998432 0.041582 0.037489 224.787219 -0.034721 -0.065399 0.997255 -6.532107
28.671140 0.043763 -0.997065 -0.062818 18.814149 0.998365 0.041331 0.039507 225.868560 -0.036794 -0.064444 0.997243 -6.556289
28.774870 0.042385 -0.997018 -0.064480 18.860889 0.998355 0.039771 0.041309 227.025873 -0.038622 -0.066125 0.997064 -6.583976
28.878620 0.043080 -0.996941 -0.065212 18.877744 0.998242 0.040292 0.043475 228.169361 -0.040714 -0.066970 0.996924 -6.617750
28.982390 0.042110 -0.996900 -0.066458 18.916698 0.998245 0.039208 0.044383 229.288632 -0.041639 -0.068210 0.996802 -6.647678
29.086020 0.040325 -0.996775 -0.069379 18.947589 0.998372 0.037392 0.043068 230.422753 -0.040335 -0.071002 0.996661 -6.684094
29.189620 0.039568 -0.996903 -0.067956 18.967621 0.998563 0.036990 0.038786 231.553576 -0.036152 -0.069393 0.996934 -6.711551
29.293390 0.037892 -0.997084 -0.066236 19.004125 0.998822 0.035779 0.032788 232.711221 -0.030322 -0.067400 0.997265 -6.740598
29.397000 0.035069 -0.997404 -0.062899 19.046115 0.999049 0.033355 0.028099 233.880887 -0.025928 -0.063824 0.997624 -6.759853
29.500870 0.032899 -0.997825 -0.057120 19.084843 0.999110 0.031325 0.028234 235.027963 -0.026384 -0.057998 0.997968 -6.775436
29.604400 0.030047 -0.998262 -0.050706 19.122717 0.999100 0.028475 0.031444 236.226322 -0.029945 -0.051605 0.998219 -6.793268
29.707990 0.028830 -0.998440 -0.047815 19.144443 0.999064 0.027239 0.033602 237.422688 -0.032247 -0.048739 0.998291 -6.816828
29.811770 0.027242 -0.998494 -0.047628 19.140680 0.999103 0.025651 0.033712 238.606902 -0.032439 -0.048504 0.998296 -6.838880
29.915440 0.024166 -0.998564 -0.047823 19.178532 0.999160 0.022542 0.034211 239.834097 -0.033084 -0.048609 0.998270 -6.865787
30.019240 0.021952 -0.998719 -0.045590 19.189701 0.999162 0.020342 0.035497 241.063400 -0.034524 -0.046331 0.998329 -6.889392
30.123000 0.019394 -0.998796 -0.045076 19.202409 0.999211 0.017799 0.035511 242.278612 -0.034666 -0.045729 0.998352 -6.916763
30.226940 0.017421 -0.998815 -0.045437 19.217352 0.999296 0.015883 0.033992 243.537676 -0.033231 -0.045997 0.998389 -6.942035
30.330400 0.015199 -0.998804 -0.046473 19.227624 0.999338 0.013637 0.033747 244.740858 -0.033073 -0.046955 0.998349 -6.967341
30.434250 0.011720 -0.998871 -0.046035 19.229121 0.999358 0.010142 0.034361 246.007149 -0.033855 -0.046408 0.998348 -6.995115
30.538000 0.009766 -0.998854 -0.046838 19.231001 0.999353 0.008127 0.035040 247.251428 -0.034619 -0.047150 0.998288 -7.019159
30.641770 0.007390 -0.998805 -0.048316 19.226614 0.999322 0.005634 0.036382 248.477804 -0.036066 -0.048552 0.998169 -7.046647
30.745500 0.005491 -0.998785 -0.048957 19.213861 0.999278 0.003640 0.037809 249.772202 -0.037584 -0.049130 0.998085 -7.073074
30.849370 0.003733 -0.998655 -0.051722 19.202614 0.999245 0.001724 0.038823 251.020566 -0.038682 -0.051828 0.997907 -7.100249
30.953270 0.002877 -0.998528 -0.054161 19.191833 0.999231 0.000753 0.039202 252.250908 -0.039103 -0.054232 0.997763 -7.131446
31.057000 0.002917 -0.998486 -0.054931 19.179161 0.999211 0.000733 0.039728 253.521261 -0.039628 -0.055003 0.997699 -7.161081
31.160750 0.002814 -0.998563 -0.053527 19.175681 0.999257 0.000750 0.038538 254.755388 -0.038442 -0.053596 0.997822 -7.184340
31.264640 0.002770 -0.998632 -0.052216 19.174038 0.999300 0.000817 0.037394 256.038550 -0.037300 -0.052283 0.997936 -7.211474
31.368500 0.002729 -0.998743 -0.050053 19.158466 0.999307 0.000865 0.037216 257.287858 -0.037126 -0.050120 0.998053 -7.242843
31.472250 0.002722 -0.998799 -0.048901 19.131325 0.999296 0.000886 0.037527 258.524178 -0.037438 -0.048969 0.998098 -7.267560
31.576130 0.002810 -0.998797 -0.048951 19.152510 0.999288 0.000963 0.037709 259.783391 -0.037617 -0.049022 0.998089 -7.291561
31.679870 0.002596 -0.998868 -0.047513 19.135345 0.999270 0.000781 0.038187 261.013712 -0.038107 -0.047577 0.998141 -7.316890
31.783750 0.002640 -0.998954 -0.045645 19.126972 0.999226 0.000843 0.039325 262.273085 -0.039246 -0.045713 0.998183 -7.343095
31.887500 0.002383 -0.999119 -0.041901 19.124224 0.999138 0.000643 0.041503 263.521536 -0.041439 -0.041964 0.998260 -7.368400
31.991390 0.003316 -0.999279 -0.037832 19.119053 0.999004 0.001627 0.044605 264.757114 -0.044511 -0.037942 0.998288 -7.397556
32.095130 0.003031 -0.999382 -0.035025 19.111045 0.998854 0.001353 0.047843 266.024718 -0.047766 -0.035130 0.998240 -7.427724
32.198870 0.002559 -0.999339 -0.036269 19.116125 0.998930 0.000880 0.046241 267.270892 -0.046179 -0.036348 0.998271 -7.464316
32.302630 0.003373 -0.999212 -0.039533 19.096537 0.998988 0.001594 0.044953 268.524146 -0.044855 -0.039644 0.998207 -7.500675
32.406370 0.001311 -0.998992 -0.044882 19.099136 0.998878 -0.000817 0.047351 269.768677 -0.047340 -0.044893 0.997869 -7.535554
32.510130 0.003635 -0.998788 -0.049082 19.077065 0.998596 0.001031 0.052963 271.013689 -0.052848 -0.049206 0.997389 -7.583970
32.613880 0.002526 -0.998646 -0.051945 19.055278 0.998596 -0.000230 0.052975 272.259125 -0.052915 -0.052006 0.997244 -7.628545
32.717620 0.002797 -0.998585 -0.053110 19.051266 0.998882 0.000283 0.047272 273.490970 -0.047190 -0.053183 0.997469 -7.670217
32.821370 0.003046 -0.998621 -0.052416 19.042925 0.999157 0.000894 0.041039 274.694696 -0.040936 -0.052497 0.997782 -7.700747
32.925130 0.001431 -0.998891 -0.047072 19.046471 0.999211 -0.000440 0.039716 275.915855 -0.039693 -0.047092 0.998102 -7.731906
33.028890 0.002614 -0.999115 -0.041987 19.049100 0.999142 0.000875 0.041403 277.155294 -0.041330 -0.042059 0.998260 -7.761754
